3.0261 2
3.1383 0
3.2505 1
3.3627 0
3.4749 3
3.5871 4
3.6993 1
3.8115 4
3.9237 4
4.0359 3
4.1481 0
4.2603 2
4.3725 5
4.4847 3
4.5969 3
4.7091 6
4.8213 4
4.9335 2
5.0457 8
5.1579 3
5.2701 3
5.3823 10
5.4945 7
5.6067 8
5.7189 8
5.8311 11
5.9433 12
6.0555 7
6.1677 11
6.2799 9
6.3921 6
6.5043 12
6.6165 18
6.7287 16
6.8409 17
6.9531 32
7.0653 25
7.1775 39
7.2897 35
7.4019 67
7.5141 94
7.6263 97
7.7385 98
7.8507 150
7.9629 164
8.0751 228
8.1873 265
8.2995 298
8.4117 294
8.5239 402
8.6361 522
8.7483 501
8.8605 571
8.9727 665
9.0849 984
9.1971 1142
9.3093 1539
9.4215 1977
9.5337 2511
9.6459 3899
9.7581 5184
9.8703 7149
9.9825 10000
10.0947 15938
10.2069 21955
10.3191 32131
10.4313 46784
10.5435 65598
10.6557 89951
10.7679 75135
10.8801 54334
10.9923 33141
11.1045 19882
11.2167 9203
11.3289 4122
11.4411 1671
11.5533 629
11.6655 253
11.7777 75
11.8899 54
12.0021 18
12.1143 15
12.2265 13
12.3387 7
12.4509 4
12.5631 5
12.6753 2
12.7875 1
12.8997 1
13.0119 2
13.1241 0
13.2363 0
13.3485 0
13.4607 1
13.5729 0
13.6851 0
13.7973 0
13.9095 0
14.0217 0
14.1339 2
