-9.78805 1
-9.64415 1
-9.50025 0
-9.35635 1
-9.21245 2
-9.06855 6
-8.92465 0
-8.78075 3
-8.63685 2
-8.49295 3
-8.34905 3
-8.20515 2
-8.06125 1
-7.91735 0
-7.77345 1
-7.62955 2
-7.48565 2
-7.34175 3
-7.19785 1
-7.05395 2
-6.91005 6
-6.76615 3
-6.62225 4
-6.47835 3
-6.33445 7
-6.19055 6
-6.04665 5
-5.90275 4
-5.75885 6
-5.61495 8
-5.47105 12
-5.32715 15
-5.18325 22
-5.03935 19
-4.89545 16
-4.75155 18
-4.60765 28
-4.46375 27
-4.31985 21
-4.17595 17
-4.03205 16
-3.88815 16
-3.74425 9
-3.60035 18
-3.45645 19
-3.31255 15
-3.16865 27
-3.02475 32
-2.88085 74
-2.73695 102
-2.59305 99
-2.44915 155
-2.30525 180
-2.16135 221
-2.01745 262
-1.87355 338
-1.72965 398
-1.58575 500
-1.44185 724
-1.29795 804
-1.15405 1194
-1.01015 1964
-0.86625 3260
-0.72235 5188
-0.57845 9108
-0.43455 14015
-0.29065 25625
-0.14675 41882
-0.00285053 68781
0.141049 104795
0.28495 99042
0.42885 67910
0.57275 31694
0.71665 16038
0.86055 8604
1.00445 3759
1.14835 1713
1.29225 647
1.43615 322
1.58005 114
1.72395 61
1.86785 29
2.01175 14
2.15565 9
2.29955 5
2.44345 1
2.58735 1
2.73125 0
2.87515 2
3.01905 0
3.16295 0
3.30685 1
3.45075 0
3.59465 0
3.73855 0
3.88245 0
4.02635 0
4.17025 1
4.31415 0
4.45805 1
