# x y z mass
-0.0169758 0.130004 -3.69768 5.7544e+10
-71.8482 -2.75695 15.816 5.62341e+10
-63.5418 63.4033 -83.7112 9.77237e+10
44.8364 -15.0753 -11.6232 1.54882e+10
185.748 -46.7461 64.2232 1.34896e+11
-69.4796 -168.955 176.113 1.94984e+11
2.03537 -72.2032 66.6889 3.31131e+10
-68.8086 -132.934 133.875 1e+11
-87.0735 -2.18364 89.0569 3.63078e+10
-60.341 -31.4991 -54.8546 1.62181e+10
-30.9723 11.6406 -71.0979 7.24435e+09
6.67787 -39.5501 -72.9047 5.7544e+09
124.195 19.0401 155.001 1.44544e+10
119.739 113.548 125.304 1.69824e+10
36.1019 96.4873 93.0177 3.71535e+10
121.772 13.8144 140.766 3.54814e+10
-227.526 -39.1844 104.999 1.07152e+11
-133.814 15.1983 99.8461 7.76248e+09
-84.1593 -40.3932 81.5275 2.51188e+10
20.3043 129.101 -102.906 1.41254e+10
88.2526 -60.6762 -150.553 7.07946e+10
36.7663 33.7197 -255.556 5.62341e+10
56.0893 -6.61204 -142.99 1.38039e+10
76.1756 -140.253 -67.5213 1.99526e+10
118.995 -30.848 -165.264 6.91831e+10
129.361 -139.424 104.416 3.38844e+10
144.167 -98.4586 127.65 6.45655e+10
-190.062 -43.2972 -312.685 1.14815e+11
-111.927 4.38613 -155.668 2.29087e+10
98.9367 68.7368 109.13 7.4131e+09
-44.8977 -146.417 -50.6031 4.16869e+10
-51.2734 -81.5275 105.907 1.69824e+10
-43.1877 34.6804 30.9924 3.71535e+09
-12.9974 -166.612 -190.947 2.88403e+10
94.8581 -150.821 -161.734 2.08929e+10
133.296 -35.0429 -248.28 2.88403e+10
109.652 66.9772 -205.072 2.04174e+10
-42.9206 -206.626 174.865 5.49541e+10
107.416 108.666 -41.3802 1.44544e+10
167.361 150.47 115.358 8.91251e+10
86.1779 150.811 73.7885 2.88403e+10
-121.645 30.837 43.2926 1.65959e+10
-159.449 184.028 89.0239 5.88844e+10
215.58 -67.9001 -6.02059 7.07946e+10
-57.9495 192.087 -33.4051 5.24808e+10
207.275 -80.9973 67.1864 1.8197e+10
-111.301 76.7898 -17.4386 1.44544e+10
105.469 146.182 -181.242 2.63027e+10
68.4455 174.176 -194.997 5.62341e+10
56.9788 8.60366 -148.662 1.12202e+10
37.7086 -236.628 5.64642 7.24435e+10
-172.452 -133.102 42.9122 1.94984e+10
54.0178 -205.795 -38.2634 2.81838e+10
167.126 96.0524 -194.938 5.7544e+10
137.943 91.744 -144.818 1.51356e+10
-46.2397 -259.212 13.4973 7.58578e+10
8.16442 55.896 10.6269 2.57039e+09
-17.9347 95.869 14.6076 1.34896e+10
-110.907 -14.5618 -47.3294 1.31826e+10
-205.585 165.46 32.0725 2.69154e+10
32.8491 -254.994 6.36996 4.2658e+10
13.6694 63.0708 7.67647 2.23872e+09
-168.216 -118.898 99.2799 1.51356e+10
120.281 47.5545 -107.637 3.71535e+10
92.7449 38.7058 173.865 2.13796e+10
57.6397 20.8067 246.116 1.09648e+11
159.908 -43.8738 -130.579 3.71535e+10
257.991 -22.46 45.0125 9.12011e+10
219.792 -128.297 -52.1253 2.45471e+10
79.0886 257.453 -91.2656 3.80189e+10
4.01935 -97.0908 268.028 4.67735e+10
-287.733 -119.274 218.619 4.7863e+10
-80.5218 8.9105 298.813 2.81838e+10
-159.945 89.025 -301.853 1.12202e+11
65.62 -96.0066 269.174 2.75423e+10
100.716 -31.6075 480.819 8.70963e+10
-252.339 -52.2259 371.424 8.70963e+10
-4.71392 184.156 234.227 3.38844e+10
-129.243 225.683 -186.261 4.36516e+10
-35.5631 -234.575 290.366 5.12861e+10
303.379 170.546 -350.066 2.75423e+11
279.024 -134.895 -211.073 7.94328e+10
129.196 -252.24 117.411 7.94328e+10
51.1649 -216.031 132.107 4.89778e+10
-25.831 17.1566 -185.354 3.80189e+10
151.434 208.298 -286.835 1.1749e+11
-103.334 84.0098 -232.189 3.38844e+10
-280.981 -125.98 228.333 1.34896e+11
-315.691 101.75 237.18 8.91251e+10
-87.8297 -311.481 104.042 7.07946e+10
233.411 -126.691 -261.157 7.4131e+10
117.558 -189.257 -267.592 4.57088e+10
-27.5305 -241.164 -180.706 3.98108e+10
-47.235 -176.032 -240.915 4.0738e+10
296.939 20.8613 -58.0063 5.62341e+10
317.022 92.4621 -217.387 6.45655e+10
283.678 -142.302 227.352 6.45655e+10
198.591 146.406 -236.748 4.46683e+10
-192.827 -282.259 110.132 5.37031e+10
-282.662 -102.728 -183.652 6.02559e+10
278.916 159.401 50.5198 3.23594e+10
-159.01 244.793 -230.083 5.12861e+10
-188.947 197.145 -119.618 2.95121e+10
40.1315 340.369 138.678 5.49541e+10
-227.142 229.849 171.444 5.62341e+10
218.013 158.82 94.308 4.89778e+10
242.424 -221.732 183.773 6.76083e+10
38.3898 325.391 -219.757 4.7863e+10
285.733 -126.958 -106.907 5.88844e+10
-290.316 -166.237 -129.771 5.01187e+10
-197.372 208.195 -154.291 6.60693e+10
146.348 255.208 61.5913 5.49541e+10
12.7349 -138.866 -273.108 3.16228e+10
-291.035 31.7136 5.53596 3.63078e+10
-342.915 -105.122 -16.8198 6.60693e+10
-248.262 125.859 -239.349 6.60693e+10
-332.807 -11.1022 -107.224 3.80189e+10
80.1127 311.739 -178.23 5.7544e+10
113.727 310.272 45.6028 5.12861e+10
-90.0036 -306.296 1.66781 5.37031e+10
-53.5194 -306.097 84.0986 6.45655e+10
-85.486 -289.3 89.8759 2.75423e+10
259.701 -203.066 -66.9168 7.94328e+10
123.57 -250.317 161.707 3.09029e+10
138.396 -302.575 47.1637 7.58578e+10
270.585 -32.7356 85.9545 4.36516e+10
173.87 121.567 221.568 3.38844e+10
50.801 -11.926 323.924 3.23594e+10
