# node_id parent_id cx cy cz mass half_size leaf
0 -1 0 0 0 6.39024e+12 400 0
1 0 -200 -200 -200 6.41702e+11 200 0
105 1 -300 -300 -300 0 100 1
106 1 -100 -300 -300 0 100 1
107 1 -300 -100 -300 0 100 1
108 1 -100 -100 -300 1.43532e+11 100 0
585 108 -150 -150 -350 0 50 1
586 108 -50 -150 -350 0 50 1
587 108 -150 -50 -350 0 50 1
588 108 -50 -50 -350 0 50 1
589 108 -150 -150 -250 3.38844e+10 50 1
590 108 -50 -150 -250 0 50 1
591 108 -150 -50 -250 0 50 1
592 108 -50 -50 -250 1.09648e+11 50 1
109 1 -300 -300 -100 0 100 1
110 1 -100 -300 -100 1.61194e+11 100 0
521 110 -150 -350 -150 0 50 1
522 110 -50 -350 -150 5.49541e+10 50 1
523 110 -150 -250 -150 0 50 1
524 110 -50 -250 -150 0 50 1
525 110 -150 -350 -50 0 50 1
526 110 -50 -350 -50 0 50 1
527 110 -150 -250 -50 1.0624e+11 50 0
545 527 -175 -275 -75 0 25 1
546 527 -125 -275 -75 0 25 1
547 527 -175 -225 -75 0 25 1
548 527 -125 -225 -75 5.49541e+10 25 1
549 527 -175 -275 -25 0 25 1
550 527 -125 -275 -25 5.12861e+10 25 1
551 527 -175 -225 -25 0 25 1
552 527 -125 -225 -25 0 25 1
528 110 -50 -250 -50 0 50 1
111 1 -300 -100 -100 8.13372e+10 100 0
473 111 -350 -150 -150 0 50 1
474 111 -250 -150 -150 0 50 1
475 111 -350 -50 -150 0 50 1
476 111 -250 -50 -150 0 50 1
477 111 -350 -150 -50 0 50 1
478 111 -250 -150 -50 8.13372e+10 50 0
481 478 -275 -175 -75 0 25 1
482 478 -225 -175 -75 0 25 1
483 478 -275 -125 -75 0 25 1
484 478 -225 -125 -75 4.89778e+10 25 1
485 478 -275 -175 -25 0 25 1
486 478 -225 -175 -25 0 25 1
487 478 -275 -125 -25 3.23594e+10 25 1
488 478 -225 -125 -25 0 25 1
479 111 -350 -50 -50 0 50 1
480 111 -250 -50 -50 0 50 1
112 1 -100 -100 -100 2.55639e+11 100 0
113 112 -150 -150 -150 1.06107e+11 50 0
209 113 -175 -175 -175 0 25 1
210 113 -125 -175 -175 0 25 1
211 113 -175 -125 -175 0 25 1
212 113 -125 -125 -175 0 25 1
213 113 -175 -175 -125 0 25 1
214 113 -125 -175 -125 0 25 1
215 113 -175 -125 -125 8.91251e+10 25 1
216 113 -125 -125 -125 1.69824e+10 25 1
114 112 -50 -150 -150 0 50 1
115 112 -150 -50 -150 4.99357e+10 50 0
121 115 -175 -75 -175 0 25 1
122 115 -125 -75 -175 0 25 1
123 115 -175 -25 -175 0 25 1
124 115 -125 -25 -175 0 25 1
125 115 -175 -75 -125 0 25 1
126 115 -125 -75 -125 0 25 1
127 115 -175 -25 -125 0 25 1
128 115 -125 -25 -125 4.99357e+10 25 0
129 128 -137.5 -37.5 -137.5 0 12.5 1
130 128 -112.5 -37.5 -137.5 0 12.5 1
131 128 -137.5 -12.5 -137.5 0 12.5 1
132 128 -112.5 -12.5 -137.5 4.99357e+10 12.5 0
137 132 -118.75 -18.75 -143.75 1.44544e+10 6.25 1
138 132 -106.25 -18.75 -143.75 0 6.25 1
139 132 -118.75 -6.25 -143.75 0 6.25 1
140 132 -106.25 -6.25 -143.75 0 6.25 1
141 132 -118.75 -18.75 -131.25 3.54814e+10 6.25 1
142 132 -106.25 -18.75 -131.25 0 6.25 1
143 132 -118.75 -6.25 -131.25 0 6.25 1
144 132 -106.25 -6.25 -131.25 0 6.25 1
133 128 -137.5 -37.5 -112.5 0 12.5 1
134 128 -112.5 -37.5 -112.5 0 12.5 1
135 128 -137.5 -12.5 -112.5 0 12.5 1
136 128 -112.5 -12.5 -112.5 0 12.5 1
116 112 -50 -50 -150 2.87927e+10 50 0
329 116 -75 -75 -175 0 25 1
330 116 -25 -75 -175 0 25 1
331 116 -75 -25 -175 2.13796e+10 25 1
332 116 -25 -25 -175 0 25 1
333 116 -75 -75 -125 7.4131e+09 25 1
334 116 -25 -75 -125 0 25 1
335 116 -75 -25 -125 0 25 1
336 116 -25 -25 -125 0 25 1
117 112 -150 -150 -50 0 50 1
118 112 -50 -150 -50 2.88403e+10 50 1
119 112 -150 -50 -50 0 50 1
120 112 -50 -50 -50 4.19626e+10 50 0
257 120 -75 -75 -75 0 25 1
258 120 -25 -75 -75 3.71535e+10 25 1
259 120 -75 -25 -75 0 25 1
260 120 -25 -25 -75 0 25 1
261 120 -75 -75 -25 0 25 1
262 120 -25 -75 -25 4.80912e+09 25 0
305 262 -37.5 -87.5 -37.5 0 12.5 1
306 262 -12.5 -87.5 -37.5 0 12.5 1
307 262 -37.5 -62.5 -37.5 0 12.5 1
308 262 -12.5 -62.5 -37.5 0 12.5 1
309 262 -37.5 -87.5 -12.5 0 12.5 1
310 262 -12.5 -87.5 -12.5 0 12.5 1
311 262 -37.5 -62.5 -12.5 0 12.5 1
312 262 -12.5 -62.5 -12.5 4.80912e+09 12.5 0
313 312 -18.75 -68.75 -18.75 0 6.25 1
314 312 -6.25 -68.75 -18.75 0 6.25 1
315 312 -18.75 -56.25 -18.75 0 6.25 1
316 312 -6.25 -56.25 -18.75 0 6.25 1
317 312 -18.75 -68.75 -6.25 0 6.25 1
318 312 -6.25 -68.75 -6.25 0 6.25 1
319 312 -18.75 -56.25 -6.25 2.23872e+09 6.25 1
320 312 -6.25 -56.25 -6.25 2.57039e+09 6.25 1
263 120 -75 -25 -25 0 25 1
264 120 -25 -25 -25 0 25 1
2 0 200 -200 -200 3.71098e+11 200 0
185 2 100 -300 -300 0 100 1
186 2 300 -300 -300 0 100 1
187 2 100 -100 -300 6.20682e+10 100 0
377 187 50 -150 -350 0 50 1
378 187 150 -150 -350 0 50 1
379 187 50 -50 -350 0 50 1
380 187 150 -50 -350 0 50 1
381 187 50 -150 -250 3.38844e+10 50 1
382 187 150 -150 -250 0 50 1
383 187 50 -50 -250 2.81838e+10 50 1
384 187 150 -50 -250 0 50 1
188 2 300 -100 -300 8.91251e+10 100 1
189 2 100 -300 -100 0 100 1
190 2 300 -300 -100 5.62341e+10 100 1
191 2 100 -100 -100 1.27363e+11 100 0
193 191 50 -150 -150 0 50 1
194 191 150 -150 -150 0 50 1
195 191 50 -50 -150 0 50 1
196 191 150 -50 -150 0 50 1
197 191 50 -150 -50 0 50 1
198 191 150 -150 -50 8.57998e+10 50 0
273 198 125 -175 -75 0 25 1
274 198 175 -175 -75 5.88844e+10 25 1
275 198 125 -125 -75 0 25 1
276 198 175 -125 -75 0 25 1
277 198 125 -175 -25 0 25 1
278 198 175 -175 -25 2.69154e+10 25 1
279 198 125 -125 -25 0 25 1
280 198 175 -125 -25 0 25 1
199 191 50 -50 -50 1.7205e+10 50 0
265 199 25 -75 -75 0 25 1
266 199 75 -75 -75 0 25 1
267 199 25 -25 -75 0 25 1
268 199 75 -25 -75 0 25 1
269 199 25 -75 -25 1.34896e+10 25 1
270 199 75 -75 -25 0 25 1
271 199 25 -25 -25 3.71535e+09 25 1
272 199 75 -25 -25 0 25 1
200 191 150 -50 -50 2.43584e+10 50 0
217 200 125 -75 -75 0 25 1
218 200 175 -75 -75 0 25 1
219 200 125 -25 -75 7.76248e+09 25 1
220 200 175 -25 -75 0 25 1
221 200 125 -75 -25 0 25 1
222 200 175 -75 -25 0 25 1
223 200 125 -25 -25 1.65959e+10 25 1
224 200 175 -25 -25 0 25 1
192 2 300 -100 -100 3.63078e+10 100 1
3 0 -200 200 -200 1.09573e+12 200 0
49 3 -300 100 -300 6.45655e+10 100 1
50 3 -100 100 -300 1.93771e+11 100 0
353 50 -150 50 -350 0 50 1
354 50 -50 50 -350 1.19456e+11 50 0
593 354 -75 25 -375 8.70963e+10 25 1
594 354 -25 25 -375 0 25 1
595 354 -75 75 -375 0 25 1
596 354 -25 75 -375 0 25 1
597 354 -75 25 -325 0 25 1
598 354 -25 25 -325 3.23594e+10 25 1
599 354 -75 75 -325 0 25 1
600 354 -25 75 -325 0 25 1
355 50 -150 150 -350 0 50 1
356 50 -50 150 -350 0 50 1
357 50 -150 50 -250 0 50 1
358 50 -50 50 -250 7.43158e+10 50 0
361 358 -75 25 -275 0 25 1
362 358 -25 25 -275 0 25 1
363 358 -75 75 -275 2.75423e+10 25 1
364 358 -25 75 -275 4.67735e+10 25 1
365 358 -75 25 -225 0 25 1
366 358 -25 25 -225 0 25 1
367 358 -75 75 -225 0 25 1
368 358 -25 75 -225 0 25 1
359 50 -150 150 -250 0 50 1
360 50 -50 150 -250 0 50 1
51 3 -300 300 -300 0 100 1
52 3 -100 300 -300 0 100 1
53 3 -300 100 -100 1.34853e+11 100 0
569 53 -350 50 -150 0 50 1
570 53 -250 50 -150 0 50 1
571 53 -350 150 -150 0 50 1
572 53 -250 150 -150 0 50 1
573 53 -350 50 -50 0 50 1
574 53 -250 50 -50 1.34853e+11 50 0
577 574 -275 25 -75 4.36516e+10 25 1
578 574 -225 25 -75 0 25 1
579 574 -275 75 -75 0 25 1
580 574 -225 75 -75 0 25 1
581 574 -275 25 -25 0 25 1
582 574 -225 25 -25 9.12011e+10 25 1
583 574 -275 75 -25 0 25 1
584 574 -225 75 -25 0 25 1
575 53 -350 150 -50 0 50 1
576 53 -250 150 -50 0 50 1
54 3 -100 100 -100 2.84656e+11 100 0
57 54 -150 50 -150 6.45655e+10 50 1
58 54 -50 50 -150 0 50 1
59 54 -150 150 -150 0 50 1
60 54 -50 150 -150 0 50 1
61 54 -150 50 -50 1.53093e+11 50 0
225 61 -175 25 -75 1.34896e+11 25 1
226 61 -125 25 -75 0 25 1
227 61 -175 75 -75 1.8197e+10 25 1
228 61 -125 75 -75 0 25 1
229 61 -175 25 -25 0 25 1
230 61 -125 25 -25 0 25 1
231 61 -175 75 -25 0 25 1
232 61 -125 75 -25 0 25 1
62 54 -50 50 -50 3.31131e+10 50 1
63 54 -150 150 -50 3.38844e+10 50 1
64 54 -50 150 -50 0 50 1
55 3 -300 300 -100 6.76083e+10 100 1
56 3 -100 300 -100 3.50273e+11 100 0
281 56 -150 250 -150 1.10336e+11 50 0
561 281 -175 225 -175 0 25 1
562 281 -125 225 -175 3.09029e+10 25 1
563 281 -175 275 -175 0 25 1
564 281 -125 275 -175 0 25 1
565 281 -175 225 -125 0 25 1
566 281 -125 225 -125 7.94328e+10 25 1
567 281 -175 275 -125 0 25 1
568 281 -125 275 -125 0 25 1
282 56 -50 250 -150 4.89778e+10 50 1
283 56 -150 350 -150 0 50 1
284 56 -50 350 -150 0 50 1
285 56 -150 250 -50 7.58578e+10 50 1
286 56 -50 250 -50 1.15101e+11 50 0
289 286 -75 225 -75 0 25 1
290 286 -25 225 -75 0 25 1
291 286 -75 275 -75 0 25 1
292 286 -25 275 -75 0 25 1
293 286 -75 225 -25 0 25 1
294 286 -25 225 -25 1.15101e+11 25 0
297 294 -37.5 212.5 -37.5 0 12.5 1
298 294 -12.5 212.5 -37.5 0 12.5 1
299 294 -37.5 237.5 -37.5 0 12.5 1
300 294 -12.5 237.5 -37.5 0 12.5 1
301 294 -37.5 212.5 -12.5 7.24435e+10 12.5 1
302 294 -12.5 212.5 -12.5 0 12.5 1
303 294 -37.5 237.5 -12.5 4.2658e+10 12.5 1
304 294 -12.5 237.5 -12.5 0 12.5 1
295 286 -75 275 -25 0 25 1
296 286 -25 275 -25 0 25 1
287 56 -150 350 -50 0 50 1
288 56 -50 350 -50 0 50 1
4 0 200 200 -200 1.29368e+12 200 0
33 4 100 100 -300 0 100 1
34 4 300 100 -300 2.69856e+11 100 0
369 34 250 50 -350 8.70963e+10 50 1
370 34 350 50 -350 0 50 1
371 34 250 150 -350 0 50 1
372 34 350 150 -350 0 50 1
373 34 250 50 -250 0 50 1
374 34 350 50 -250 0 50 1
375 34 250 150 -250 1.82759e+11 50 0
401 375 225 125 -275 0 25 1
402 375 275 125 -275 0 25 1
403 375 225 175 -275 0 25 1
404 375 275 175 -275 0 25 1
405 375 225 125 -225 0 25 1
406 375 275 125 -225 1.82759e+11 25 0
409 406 262.5 112.5 -237.5 0 12.5 1
410 406 287.5 112.5 -237.5 0 12.5 1
411 406 262.5 137.5 -237.5 0 12.5 1
412 406 287.5 137.5 -237.5 0 12.5 1
413 406 262.5 112.5 -212.5 1.82759e+11 12.5 0
417 413 256.25 106.25 -218.75 0 6.25 1
418 413 268.75 106.25 -218.75 0 6.25 1
419 413 256.25 118.75 -218.75 0 6.25 1
420 413 268.75 118.75 -218.75 0 6.25 1
421 413 256.25 106.25 -206.25 0 6.25 1
422 413 268.75 106.25 -206.25 4.7863e+10 6.25 1
423 413 256.25 118.75 -206.25 1.34896e+11 6.25 1
424 413 268.75 118.75 -206.25 0 6.25 1
414 406 287.5 112.5 -212.5 0 12.5 1
415 406 262.5 137.5 -212.5 0 12.5 1
416 406 287.5 137.5 -212.5 0 12.5 1
407 375 225 175 -225 0 25 1
408 375 275 175 -225 0 25 1
376 34 350 150 -250 0 50 1
35 4 100 300 -300 5.12861e+10 100 1
36 4 300 300 -300 0 100 1
37 4 100 100 -100 5.19216e+11 100 0
41 37 50 50 -150 1.69824e+10 50 1
42 37 150 50 -150 0 50 1
43 37 50 150 -150 3.49939e+11 50 0
65 43 25 125 -175 0 25 1
66 43 75 125 -175 0 25 1
67 43 25 175 -175 5.49541e+10 25 1
68 43 75 175 -175 1.94984e+11 25 1
69 43 25 125 -125 0 25 1
70 43 75 125 -125 1e+11 25 1
71 43 25 175 -125 0 25 1
72 43 75 175 -125 0 25 1
44 37 150 150 -150 0 50 1
45 37 50 50 -50 1.17661e+11 50 0
73 45 25 25 -75 0 25 1
74 45 75 25 -75 6.14267e+10 25 0
145 74 62.5 12.5 -87.5 0 12.5 1
146 74 87.5 12.5 -87.5 3.63078e+10 12.5 1
147 74 62.5 37.5 -87.5 0 12.5 1
148 74 87.5 37.5 -87.5 2.51188e+10 12.5 1
149 74 62.5 12.5 -62.5 0 12.5 1
150 74 87.5 12.5 -62.5 0 12.5 1
151 74 62.5 37.5 -62.5 0 12.5 1
152 74 87.5 37.5 -62.5 0 12.5 1
75 45 25 75 -75 0 25 1
76 45 75 75 -75 0 25 1
77 45 25 25 -25 0 25 1
78 45 75 25 -25 5.62341e+10 25 1
79 45 25 75 -25 0 25 1
80 45 75 75 -25 0 25 1
46 37 150 50 -50 0 50 1
47 37 50 150 -50 0 50 1
48 37 150 150 -50 3.46341e+10 50 0
321 48 125 125 -75 0 25 1
322 48 175 125 -75 1.51356e+10 25 1
323 48 125 175 -75 0 25 1
324 48 175 175 -75 0 25 1
325 48 125 125 -25 0 25 1
326 48 175 125 -25 1.94984e+10 25 1
327 48 125 175 -25 0 25 1
328 48 175 175 -25 0 25 1
38 4 300 100 -100 1.07152e+11 100 1
39 4 100 300 -100 3.46166e+11 100 0
425 39 50 250 -150 0 50 1
426 39 150 250 -150 5.37031e+10 50 1
427 39 50 350 -150 0 50 1
428 39 150 350 -150 0 50 1
429 39 50 250 -50 2.92463e+11 50 0
433 429 25 225 -75 0 25 1
434 429 75 225 -75 0 25 1
435 429 25 275 -75 6.45655e+10 25 1
436 429 75 275 -75 9.83369e+10 25 0
553 436 62.5 262.5 -87.5 0 12.5 1
554 436 87.5 262.5 -87.5 2.75423e+10 12.5 1
555 436 62.5 287.5 -87.5 0 12.5 1
556 436 87.5 287.5 -87.5 7.07946e+10 12.5 1
557 436 62.5 262.5 -62.5 0 12.5 1
558 436 87.5 262.5 -62.5 0 12.5 1
559 436 62.5 287.5 -62.5 0 12.5 1
560 436 87.5 287.5 -62.5 0 12.5 1
437 429 25 225 -25 7.58578e+10 25 1
438 429 75 225 -25 0 25 1
439 429 25 275 -25 0 25 1
440 429 75 275 -25 5.37031e+10 25 1
430 39 150 250 -50 0 50 1
431 39 50 350 -50 0 50 1
432 39 150 350 -50 0 50 1
40 4 300 300 -100 0 100 1
5 0 -200 -200 200 1.01063e+12 200 0
153 5 -300 -300 100 0 100 1
154 5 -100 -300 100 9.5563e+10 100 0
537 154 -150 -350 50 0 50 1
538 154 -50 -350 50 0 50 1
539 154 -150 -250 50 0 50 1
540 154 -50 -250 50 3.80189e+10 50 1
541 154 -150 -350 150 0 50 1
542 154 -50 -350 150 0 50 1
543 154 -150 -250 150 0 50 1
544 154 -50 -250 150 5.7544e+10 50 1
155 5 -300 -100 100 5.62341e+10 100 1
156 5 -100 -100 100 2.52587e+11 100 0
201 156 -150 -150 50 1.44544e+10 50 1
202 156 -50 -150 50 1.41254e+10 50 1
203 156 -150 -50 50 0 50 1
204 156 -50 -50 50 0 50 1
205 156 -150 -150 150 0 50 1
206 156 -50 -150 150 8.25368e+10 50 0
233 206 -75 -175 125 0 25 1
234 206 -25 -175 125 0 25 1
235 206 -75 -125 125 0 25 1
236 206 -25 -125 125 0 25 1
237 206 -75 -175 175 5.62341e+10 25 1
238 206 -25 -175 175 0 25 1
239 206 -75 -125 175 2.63027e+10 25 1
240 206 -25 -125 175 0 25 1
207 156 -150 -50 150 1.30251e+11 50 0
249 207 -175 -75 125 0 25 1
250 207 -125 -75 125 1.51356e+10 25 1
251 207 -175 -25 125 0 25 1
252 207 -125 -25 125 3.71535e+10 25 1
253 207 -175 -75 175 5.7544e+10 25 1
254 207 -125 -75 175 2.04174e+10 25 1
255 207 -175 -25 175 0 25 1
256 207 -125 -25 175 0 25 1
208 156 -50 -50 150 1.12202e+10 50 1
157 5 -300 -300 300 0 100 1
158 5 -100 -300 300 4.7863e+10 100 1
159 5 -300 -100 300 3.39988e+11 100 0
457 159 -350 -150 250 0 50 1
458 159 -250 -150 250 0 50 1
459 159 -350 -50 250 0 50 1
460 159 -250 -50 250 6.45655e+10 50 1
461 159 -350 -150 350 0 50 1
462 159 -250 -150 350 2.75423e+11 50 1
463 159 -350 -50 350 0 50 1
464 159 -250 -50 350 0 50 1
160 5 -100 -100 300 2.18392e+11 100 0
385 160 -150 -150 250 1.62158e+11 50 0
465 385 -175 -175 225 0 25 1
466 385 -125 -175 225 0 25 1
467 385 -175 -125 225 4.46683e+10 25 1
468 385 -125 -125 225 0 25 1
469 385 -175 -175 275 0 25 1
470 385 -125 -175 275 1.1749e+11 25 1
471 385 -175 -125 275 0 25 1
472 385 -125 -125 275 0 25 1
386 160 -50 -150 250 0 50 1
387 160 -150 -50 250 0 50 1
388 160 -50 -50 250 5.62341e+10 50 1
389 160 -150 -150 350 0 50 1
390 160 -50 -150 350 0 50 1
391 160 -150 -50 350 0 50 1
392 160 -50 -50 350 0 50 1
6 0 200 -200 200 6.9305e+11 200 0
9 6 100 -300 100 4.36516e+10 100 1
10 6 300 -300 100 0 100 1
11 6 100 -100 100 3.85956e+11 100 0
17 11 50 -150 50 5.24808e+10 50 1
18 11 150 -150 50 0 50 1
19 11 50 -50 50 1.62512e+11 50 0
25 19 25 -75 25 0 25 1
26 19 75 -75 25 0 25 1
27 19 25 -25 25 5.7544e+10 25 1
28 19 75 -25 25 0 25 1
29 19 25 -75 75 0 25 1
30 19 75 -75 75 9.77237e+10 25 1
31 19 25 -25 75 7.24435e+09 25 1
32 19 75 -25 75 0 25 1
20 11 150 -50 50 1.44544e+10 50 1
21 11 50 -150 150 0 50 1
22 11 150 -150 150 9.55814e+10 50 0
505 22 125 -175 125 0 25 1
506 22 175 -175 125 9.55814e+10 25 0
513 506 162.5 -187.5 112.5 0 12.5 1
514 506 187.5 -187.5 112.5 2.95121e+10 12.5 1
515 506 162.5 -162.5 112.5 0 12.5 1
516 506 187.5 -162.5 112.5 0 12.5 1
517 506 162.5 -187.5 137.5 0 12.5 1
518 506 187.5 -187.5 137.5 6.60693e+10 12.5 1
519 506 162.5 -162.5 137.5 0 12.5 1
520 506 187.5 -162.5 137.5 0 12.5 1
507 22 125 -125 125 0 25 1
508 22 175 -125 125 0 25 1
509 22 125 -175 175 0 25 1
510 22 175 -175 175 0 25 1
511 22 125 -125 175 0 25 1
512 22 175 -125 175 0 25 1
23 11 50 -50 150 3.80189e+10 50 1
24 11 150 -50 150 2.29087e+10 50 1
12 6 300 -100 100 0 100 1
13 6 100 -300 300 5.12861e+10 100 1
14 6 300 -300 300 0 100 1
15 6 100 -100 300 1.46086e+11 100 0
393 15 50 -150 250 0 50 1
394 15 150 -150 250 0 50 1
395 15 50 -50 250 3.38844e+10 50 1
396 15 150 -50 250 1.12202e+11 50 1
397 15 50 -150 350 0 50 1
398 15 150 -150 350 0 50 1
399 15 50 -50 350 0 50 1
400 15 150 -50 350 0 50 1
16 6 300 -100 300 6.60693e+10 100 1
7 0 -200 200 200 7.74602e+11 200 0
81 7 -300 100 100 3.13092e+11 100 0
345 81 -350 50 50 0 50 1
346 81 -250 50 50 7.07946e+10 50 1
347 81 -350 150 50 0 50 1
348 81 -250 150 50 1.62864e+11 50 0
489 348 -275 125 25 0 25 1
490 348 -225 125 25 2.45471e+10 25 1
491 348 -275 175 25 0 25 1
492 348 -225 175 25 0 25 1
493 348 -275 125 75 5.88844e+10 25 1
494 348 -225 125 75 0 25 1
495 348 -275 175 75 0 25 1
496 348 -225 175 75 7.94328e+10 25 1
349 81 -350 50 150 0 50 1
350 81 -250 50 150 0 50 1
351 81 -350 150 150 0 50 1
352 81 -250 150 150 7.94328e+10 50 1
82 7 -100 100 100 2.81207e+11 100 0
89 82 -150 50 50 0 50 1
90 82 -50 50 50 2.12426e+10 50 0
97 90 -75 25 25 0 25 1
98 90 -25 25 25 1.54882e+10 25 1
99 90 -75 75 25 0 25 1
100 90 -25 75 25 0 25 1
101 90 -75 25 75 0 25 1
102 90 -25 25 75 5.7544e+09 25 1
103 90 -75 75 75 0 25 1
104 90 -25 75 75 0 25 1
91 82 -150 150 50 0 50 1
92 82 -50 150 50 4.81364e+10 50 0
241 92 -75 125 25 0 25 1
242 92 -25 125 25 0 25 1
243 92 -75 175 25 2.81838e+10 25 1
244 92 -25 175 25 0 25 1
245 92 -75 125 75 1.99526e+10 25 1
246 92 -25 125 75 0 25 1
247 92 -75 175 75 0 25 1
248 92 -25 175 75 0 25 1
93 82 -150 50 150 1.06337e+11 50 0
337 93 -175 25 125 3.71535e+10 25 1
338 93 -125 25 125 0 25 1
339 93 -175 75 125 0 25 1
340 93 -125 75 125 0 25 1
341 93 -175 25 175 0 25 1
342 93 -125 25 175 6.91831e+10 25 1
343 93 -175 75 175 0 25 1
344 93 -125 75 175 0 25 1
94 82 -50 50 150 8.45985e+10 50 0
161 94 -75 25 125 1.38039e+10 25 1
162 94 -25 25 125 0 25 1
163 94 -75 75 125 7.07946e+10 25 1
164 94 -25 75 125 0 25 1
165 94 -75 25 175 0 25 1
166 94 -25 25 175 0 25 1
167 94 -75 75 175 0 25 1
168 94 -25 75 175 0 25 1
95 82 -150 150 150 0 50 1
96 82 -50 150 150 2.08929e+10 50 1
83 7 -300 300 100 0 100 1
84 7 -100 300 100 0 100 1
85 7 -300 100 300 7.4131e+10 100 1
86 7 -100 100 300 1.06172e+11 100 0
441 86 -150 50 250 2.88403e+10 50 1
442 86 -50 50 250 0 50 1
443 86 -150 150 250 4.57088e+10 50 1
444 86 -50 150 250 3.16228e+10 50 1
445 86 -150 50 350 0 50 1
446 86 -50 50 350 0 50 1
447 86 -150 150 350 0 50 1
448 86 -50 150 350 0 50 1
87 7 -300 300 300 0 100 1
88 7 -100 300 300 0 100 1
8 0 200 200 200 5.09755e+11 200 0
169 8 100 100 100 9.99279e+10 100 0
177 169 50 50 50 1.62181e+10 50 1
178 169 150 50 50 1.31826e+10 50 1
179 169 50 150 50 4.16869e+10 50 1
180 169 150 150 50 0 50 1
181 169 50 50 150 0 50 1
182 169 150 50 150 0 50 1
183 169 50 150 150 2.88403e+10 50 1
184 169 150 150 150 0 50 1
170 8 300 100 100 2.14463e+11 100 0
497 170 250 50 50 0 50 1
498 170 350 50 50 1.04088e+11 50 0
529 498 325 25 25 0 25 1
530 498 375 25 25 0 25 1
531 498 325 75 25 6.60693e+10 25 1
532 498 375 75 25 0 25 1
533 498 325 25 75 3.80189e+10 25 1
534 498 375 25 75 0 25 1
535 498 325 75 75 0 25 1
536 498 375 75 75 0 25 1
499 170 250 150 50 0 50 1
500 170 350 150 50 0 50 1
501 170 250 50 150 6.02559e+10 50 1
502 170 350 50 150 0 50 1
503 170 250 150 150 5.01187e+10 50 1
504 170 350 150 150 0 50 1
171 8 100 300 100 3.98108e+10 100 1
172 8 300 300 100 0 100 1
173 8 100 100 300 1.55553e+11 100 0
449 173 50 50 250 0 50 1
450 173 150 50 250 1.14815e+11 50 1
451 173 50 150 250 4.0738e+10 50 1
452 173 150 150 250 0 50 1
453 173 50 50 350 0 50 1
454 173 150 50 350 0 50 1
455 173 50 150 350 0 50 1
456 173 150 150 350 0 50 1
174 8 300 100 300 0 100 1
175 8 100 300 300 0 100 1
176 8 300 300 300 0 100 1
